[-1.80550022  0.99204203]
[-0.92150351 -0.87094505]
[-2.0118304  -0.26653065]
[-1.2484053  -1.22153439]
[-1.04696704 -0.84264   ]
[-1.71204012 -1.66857028]
[-1.13266974  0.94349304]
[-1.56954572  4.30758489]
[-1.13257556 -0.52753656]
[-1.63076296  1.91536954]
[-1.66282931 -1.71411288]
[-1.79676733 -1.12430549]
[-1.06023896 -0.28817154]
[-1.34109021 -0.59089839]
[-1.6156505  -0.88421139]
[-1.47999806  3.02658425]
[-1.33412675 -0.63799613]
[-1.65869179  1.07796171]
[-1.58344769  0.69146426]
[-1.29790733  1.57213728]
[-1.43598926 -0.68229489]
[-1.63401862 -0.99009149]
[-1.04209213  0.63116371]
[-1.69036433 -0.51746011]
[-0.72578344 -0.97327227]
[-1.24310676  2.91253972]
[-1.15698903  0.24753697]
[-1.60284398 -0.68941287]
[-0.76853002  0.48741552]
[-1.6850934   0.22223675]
[-1.19704862 -0.06020599]
[-1.18530047  2.63302406]
[-1.56441707  0.32548969]
[-0.64116706  1.40807252]
[-0.73734716 -0.68094752]
[-1.57110121 -0.43404026]
[-1.81905682 -1.44249573]
[-1.35746081 -0.01885439]
[-1.66678827  1.03195046]
[-1.46483473 -0.39475566]
[-0.9228504   0.26227496]
[-1.86532391 -0.44902253]
[-0.75507977 -0.56515236]
[-1.58927804  0.91294413]
[-1.6866174  -0.35714124]
[-1.2897471   0.37056138]
[-1.02728286 -1.23017632]
[-1.09721525 -1.05075973]
[-0.22137247  0.54882238]
[-1.15783016 -0.74169694]
[-0.64794895  0.74529066]
[-1.18495128  1.0251401 ]
[-1.44739582  0.67693723]
[-1.8329141  -0.96858448]
[-1.74675025  0.61284199]
[-1.72833556  0.01488277]
[-1.51242118  5.17311081]
[-0.84208682  2.82781001]
[-1.25738024  0.30151487]
[-1.44466283  0.58091257]
[-0.99403602  2.19399504]
[-1.45708166 -0.15145949]
[-1.55975301 -0.21682795]
[-1.33354951 -1.29489519]
[-0.97494712 -0.08355525]
[-1.343619   -0.81206991]
[-1.63410595  1.14959947]
[-1.51545756  0.55334613]
[-1.55874524 -0.28330763]
[-0.65016742  4.87413407]
[-1.60406248  0.08529588]
[-0.55253413  0.46014496]
[-1.0557338  -1.04705582]
[-1.09079788 -0.49826136]
[-1.38035588 -0.06094702]
[-1.86548202 -0.30460012]
[-1.76653517  0.09280049]
[-1.56349793  0.31198884]
[-1.65391451 -1.25270597]
[-1.41585753  1.46588584]
[-1.27324431 -1.22963862]
[-1.29287693  0.89729637]
[-1.35577957  0.86267267]
[-1.30604102  2.5658633 ]
[-1.59725729 -1.37955336]
[-1.78827201 -0.38927293]
[-1.78690063  1.51944465]
[-1.72970369  0.26328068]
[-0.77928584  2.66627719]
[-0.22677974 -0.08106419]
[-1.66132576 -0.62672093]
[-0.95713859  0.32921939]
[-1.18734279 -0.96935482]
[-1.54988491  1.36790462]
[-0.83484018 -0.10280514]
[-1.34158965 -1.76473985]
[-1.31519187 -1.04327035]
[-1.38442501  0.04127084]
[-1.9432873  -0.62315541]
[-1.4592069  -0.30931815]
[-1.73760321 -1.02982353]
[-1.32250355  0.91034704]
[-0.40959376  0.11371836]
[-1.111215    0.54069417]
[-1.66620356  0.90361229]
[-1.90527683 -1.0209218 ]
[-1.31065398 -0.60795147]
[-1.36587577  0.88330064]
[-1.49065288  1.28356862]
[-0.98255885  0.17136042]
[-1.0967585  -0.98313591]
[-1.40540683 -0.90693227]
[-1.71881735 -0.21818009]
[-1.57921512 -0.03240025]
[-1.65696149  0.35671695]
[-1.21907667 -0.83533679]
[-1.43978581 -0.69560183]
[-1.40866349  0.30617215]
[-0.24615686 -0.48102596]
[-1.5886062  -1.28705888]
[-1.47512158  1.07693306]
[-1.12874112 -1.15420413]
[-0.98173426  0.9356162 ]
[-1.40780111 -0.4730999 ]
[-1.45639932 -0.87473334]
[-1.4054224  -0.63856786]
[-0.93807504 -1.00574215]
[-0.45922745 -0.14636625]
[-1.87411366  2.12897258]
[-1.31140503  0.46300933]
[-1.14141857 -0.16445549]
[-1.0791886   1.38331316]
[-1.76981219 -0.44005694]
[-1.08374794  0.55020982]
[-1.75303814 -0.45176603]
[-1.1808114  -1.23751529]
[-1.44227064  0.85080799]
[-1.61847502 -0.02815174]
[-1.39074555 -0.93964851]
[-1.55118179 -0.19898354]
[-1.5943939  -0.21673592]
[-1.99393436 -1.00499999]
[-1.27894627 -1.31039509]
[-1.55913748  2.10229618]
[-1.73452341 -0.28494091]
[-1.8036004  -0.72610121]
[-1.80012864 -0.33690761]
[-1.84665962 -1.25748892]
[-0.53558061 -0.20998775]
[-1.62187702  0.89490338]
[-1.71646747 -0.6024018 ]
[-1.47228347 -0.01014027]
[-1.60274071 -0.26009618]
[-1.4822244   0.80481058]
[-1.31564955  0.73711475]
[-1.51942334  0.67390605]
[-1.5549651   0.07424827]
[-1.50982052  1.504559  ]
[-1.51436811 -1.04393761]
[-1.36083114 -1.09503821]
[-1.46619066  0.162612  ]
[-1.81970112  0.5376875 ]
[-1.70312513 -0.28038505]
[-1.70960252 -0.41219069]
[-1.75419014  0.76349676]
[-1.64004504  1.65759008]
[-1.46820983 -0.50889747]
[-0.97904965 -0.61688419]
[-1.01184181 -0.61605257]
[-1.48609992 -0.18214148]
[-1.16735133  0.97718688]
[-1.08972569  0.09870582]
[-1.64421218  0.10772845]
[-1.10990802  0.50965114]
[-1.16276988 -0.00742607]
[-1.55863051  3.67158271]
[-1.75457086  0.51410767]
[-1.7116506  -1.09432444]
[-1.25181897  1.40938958]
[-1.20032028  0.06579119]
[-1.5506769  -1.39890737]
[-1.65902992 -0.89209803]
[-0.60029523  3.88402623]
[-1.25997045 -0.55832649]
[-1.71190108  0.7721247 ]
[-0.74787195  1.06367305]
[-1.40782925 -0.42648343]
[-1.00703695 -1.20283872]
[-1.31717851 -0.11135592]
[-1.24976098 -0.48383441]
[-1.79571749  0.27630871]
[-1.55813946 -1.06681655]
[-0.77594459 -1.28509585]
[-1.80771104 -0.36207316]
[-1.5481702  4.7014659]
[-1.02399     0.03619891]
[-0.79995472 -0.8366933 ]
[-1.54634081  0.31135174]
[-0.90611811 -0.62416441]
[-0.82889853 -0.53084791]
[-1.67823647 -1.00491318]
[-1.82625858  0.65030626]
[-1.27801752 -1.13840038]
[-1.27811748 -0.25945983]
[-1.58281749 -0.60313099]
[-1.51420035 -1.10035793]
[-1.45656061  0.28681379]
[-1.64754352  0.86340151]
[-1.68824693 -0.359405  ]
[-1.48620063  0.34852174]
[-1.12285434  0.22728141]
[-1.58495208  3.12521201]
[-1.04834097  0.22230766]
[-1.07607418  0.4857897 ]
[-1.06854683  1.00782555]
[-1.73067171  0.63180273]
[-1.42174115  0.41777157]
[-1.3041187  -0.49259389]
[-1.41607941 -1.11596213]
[-1.33737524  0.01997524]
[-1.14428966 -0.16118043]
[-1.46729148  2.15734783]
[-1.55254495 -0.61715028]
[-1.64583464  0.03922394]
[-1.21605426 -1.76178402]
[-1.26007858  1.29279712]
[-1.24046534  2.10311933]
[-1.52142286 -0.14693313]
[-0.98412794 -0.02411615]
[-1.3815805   0.53019679]
[-1.47237869 -0.60675913]
[-1.33844459 -0.11312404]
[-1.7867386  -0.96484679]
[-0.79648857 -0.99952986]
[-1.2533588   0.29696176]
[-1.09268946  0.49021227]
[-0.81340739 -0.39147333]
[-1.80816106  0.22950764]
[-1.32820276  0.18508835]
[-1.59502635  2.40110855]
[-0.54435677 -0.80467043]
[-1.06042956 -1.22123655]
[-1.41218285 -0.43688925]
[-1.25937276 -0.54546896]
[-1.92767057  0.05180475]
[-1.59677147 -0.79425869]
[-1.46880206  0.35953224]
[-0.9808208  -0.24371848]
[-1.59759839 -0.17207067]
[-1.56627575  0.03149148]
[-1.45710214  0.05121718]
[-1.50236341 -1.22140301]
[-1.79004308 -1.58732652]
[-1.63050021 -0.44050678]
[-1.12236938  1.18899727]
[-1.72507727 -0.63975603]
[-1.62685075  0.95663637]
[-0.94575883  0.42677065]
[-1.57669267 -0.89124681]
[-1.7910518   0.56094924]
[-1.09548803  0.79026888]
[-1.02172578  0.74463467]
[-0.68106516  1.18393636]
[-0.84187671  0.58636759]
[-1.38246415 -0.87214465]
[-1.85399684 -1.35055389]
[-0.79939069 -0.33989231]
[-1.52046912  0.64322168]
[-1.33681355 -0.60923405]
[-1.36013562 -0.45003299]
[-1.54248159  0.26528261]
[-1.32632359 -0.11875211]
[-1.09400557 -0.75823629]
[-1.37570743  0.27184377]
[-1.84309034 -1.26252533]
[-1.95282861 -0.19555196]
[-1.30337585  1.86369992]
[-1.72597121 -1.02126016]
[-1.02080337  0.83483528]
[-1.5777622  -1.30364017]
[-1.37549605 -0.25280494]
[-1.53114173  0.72297806]
[-1.87431457 -1.38987833]
[-1.65451392 -0.83606354]
[-1.64218907 -0.44674732]
[-1.5362109  -0.38722909]
[-1.45474708 -0.94201387]
[-0.74838313 -0.61185002]
[-0.86742802  3.33280015]
[-1.27307797  1.28554753]
[-1.63920277  0.43140324]
[-0.86757794  0.20808626]
[-1.80178363 -0.75077306]
[-1.30343861 -1.48407906]
[-1.51363958  0.17951628]
[-1.58237335  0.27998741]
[-1.52249946  0.47999578]
[-1.16180158 -0.54547728]
[-0.97513484  1.0856279 ]
[-1.63122362 -0.10037607]
[-1.14463725 -0.75916533]
[-1.22363303  1.28062821]
[-1.69689547  1.52624452]
[-0.63530382  0.03017809]
[-1.51860013 -1.15122848]
[-1.41553584  1.01403514]
[-1.77766673 -0.41592042]
[-0.93859099  0.5115888 ]
[-0.49124793  1.55641706]
[-1.01932777  0.59122853]
[-1.01976835 -0.45110122]
[-1.46155875 -0.3952409 ]
[-1.36887722 -0.51948886]
[-1.28319687  0.45106629]
[-1.36806726 -1.03557416]
[-1.44017112  0.92821767]
[-1.91727736 -0.26439564]
[-1.10898853 -1.08953901]
[-1.6913557  -0.82903191]
[-0.99698641 -1.34337032]
[-1.01761849 -1.38099717]
[-1.27409193 -0.62754894]
[-1.24271231 -0.5226166 ]
[-0.87279108 -0.36365589]
[-1.45531479 -0.51689604]
[-1.40356353 -1.12211003]
[-1.46357816  0.08884385]
[-1.66913463 -0.07484962]
[-1.74408121  0.08974023]
[-1.53653969 -1.17389619]
[ 0.27927993 -0.4168739 ]
[-1.59077301 -0.97199784]
[-1.46148399 -0.78084239]
[-0.9472809   0.24729511]
[-1.33219879  0.03894623]
[-1.17748594 -0.17606207]
[-0.84258168 -1.61770907]
[-1.53091159 -0.35588955]
[-1.14220855 -0.91560917]
[-1.63736953 -0.48220057]
[-1.12097894 -1.36290605]
[-1.47262226 -0.94493921]
[-0.43855564 -0.3583164 ]
[-1.37287768 -0.21947179]
[-1.37853533 -0.34218327]
[-1.44077338  3.01704472]
[-0.68046206  0.07991935]
[-1.63012669  0.25916891]
[-1.58287606  1.06110437]
[-0.89679116 -0.36259168]
[-1.46469394  4.03375755]
[-1.39540918 -0.21612728]
[-1.13702576  1.85933596]
[-1.62082662 -0.75293644]
[-1.47526834 -0.48169786]
[-1.57024005  0.07394874]
[-0.6825829  -0.51387518]
[-1.58343196  0.72781401]
[-1.75192732 -0.41665265]
[-1.78319437 -1.37240775]
[-1.75791572  0.89733916]
[-1.33965381  0.19700242]
[-1.37381627 -1.33685387]
[-1.69511035 -0.39464553]
[-0.64139485  0.99380743]
[-1.46263593  0.19002323]
[-0.92686196  0.2107848 ]
[-1.58324049  2.30608231]
[-0.73362369  0.51679894]
[-1.04055785 -1.00346008]
[-1.16467399  0.30368682]
[-1.56542059  0.53895977]
[-0.93304795 -1.89933238]
[-1.48693973  0.1636773 ]
[-0.84654226  0.93342008]
[-1.07487269 -0.31471205]
[-1.43122881 -0.42956207]
[-1.63051808e+00  2.80439789e-04]
[-1.02262141  0.6561968 ]
[-1.72598337  0.5816493 ]
[-1.65314106  0.36578789]
[-1.7589455 -1.0018866]
[-1.24089861  0.84156398]
[-1.62742261 -0.58298671]
[-1.72741807 -0.46948405]
[-1.45427935 -0.60034531]
[-1.02164138  0.92305767]
[-1.80915775 -0.43232372]
[-1.85159328 -0.57030641]
[-1.17807281  1.84836199]
[-1.0539976   1.42281267]
[-1.54088828 -0.48117516]
[-0.84981355 -0.01827165]
[-1.42579769  2.01189092]
[-1.56815846 -0.37465439]
[-1.60558409  0.7932286 ]
[-1.56790076  0.37705432]
[-1.75831707 -1.06499625]
[-0.7656789  -0.17414627]
[-1.44427492  0.47853816]
[-1.04999839  3.21992619]
[-1.21608128 -0.52457324]
[-1.06517856 -2.19898397]
[-1.56177531  0.38882318]
[-0.89794897  0.2820457 ]
[-1.36845595  0.35353566]
[-0.82031353  3.64598315]
[-1.46218931 -0.45610578]
[-1.52719626  0.17578646]
[-1.22295366  0.5817137 ]
[-1.8753754   0.90881085]
[-0.89198192  0.62679599]
[-1.74358225 -0.12104628]
[-1.4754558   0.05556886]
[-0.86071818 -1.18502663]
[-1.59987931  0.1083793 ]
[-1.31722845  0.30434088]
[-1.35790458  1.04371229]
[-0.61746431  1.01485528]
[-1.57063265  0.64371697]
[-1.91214605 -1.356689  ]
[-1.78911734  0.37812441]
[-1.02721307 -0.05003074]
[-1.61919495 -1.21603615]
[-1.17432555 -1.19739533]
[-0.8827163   0.43133129]
[-1.65298227  0.43575811]
[-1.34133895  2.62222444]
[-1.53699118 -1.15483505]
[-1.34304635 -0.54462513]
[-1.77360178 -0.58670814]
[-1.57853451  0.58513212]
[-1.20048317  0.03735934]
[-1.21024675 -0.66652766]
[-0.53956013 -1.30499947]
[-0.76627824 -0.0837421 ]
[-1.24039119  1.55873534]
[-1.39999911  2.41731611]
[-1.68138178 -0.30103161]
[-1.89986253 -0.52998127]
[-1.78384314  0.00917286]
[-0.36615388 -1.32215408]
[-1.59456643 -0.79289282]
[-1.29210414 -1.24908416]
[-1.17648868  0.09981007]
[-1.7306095 -1.0831366]
[-1.07399619  0.00509258]
[-1.83142522 -1.23126772]
[-1.12023881 -1.49221031]
[-1.59309588 -0.13280117]
[-1.27425707  0.66964534]
[-1.2578965   0.10251126]
[-1.40960373 -0.05051839]
[-1.41161506 -0.46944692]
[-0.96472522 -0.86401491]
[-1.46286968 -0.23704964]
[-1.3985153   0.24921163]
[-1.08096231  1.3765101 ]
[-1.66760359  0.09952177]
[-1.23697039 -0.87521732]
[-1.27937727  0.13412244]
[-1.97851332 -0.39801231]
[-1.63137945 -1.31804643]
[-1.29408231  0.43133801]
[-1.40609394 -0.17965067]
[-1.34943668 -1.02684009]
[-1.54677882  0.18017296]
[-1.56864077 -1.9444005 ]
[-1.69658962 -1.01572979]
[-0.80672365  0.14914699]
[-1.64153679  0.00576113]
[-1.70303762 -0.10683083]
[-1.67176053 -0.60191386]
[-1.78134246 -0.25231917]
[-1.41880303  0.05136253]
[-1.51341293 -0.99302719]
[-1.34822134 -0.50476436]
[-1.72494977  0.02431096]
[-1.04294949 -0.7079022 ]
[-1.68783446  0.47794043]
[-1.23789207  0.37802365]
[-1.76288761 -0.4201765 ]
[-1.25731714  0.58469576]
[-0.84811082 -1.54054141]
[-1.37615478 -0.833905  ]
[-1.47244438 -0.54403443]
[-1.50097848 -0.98643152]
[-1.30098267  0.96232901]
[-1.33251025  0.90962009]
[-1.65583764 -0.62161769]
[-1.35130029  0.62840602]
[-1.02877191  0.36475303]
[-1.38280628  2.35491971]
[-0.57936826 -0.59816978]
[-0.97575779 -0.14544534]
[-1.30997182 -0.35090943]
[-1.845269   -0.42538493]
[-1.06655557 -0.79812516]
[-1.37912747 -0.19938577]
[-0.99881777 -2.07691884]
[-1.3255591   0.68596471]
[-1.28106617  0.15257214]
[-1.66635215 -0.30690055]
[-1.50540885  0.51817045]
[-1.73029277 -0.42923074]
[-1.11999294  3.98205254]
[-1.09070535  3.3264298 ]
[-1.649209   -0.16343296]
[-1.69600317 -1.53213481]
[-1.18803569 -0.25753294]
[-1.2200616   0.72985378]
[-0.94184776 -0.15223487]
[-1.64042958 -1.70164738]
[-1.17174149 -0.09829639]
[-1.65486469  1.08964207]
[-1.47195134 -1.22394931]
[-0.46348914  5.089892  ]
[-0.76050216  0.40539886]
[-1.40810096  0.64056072]
[-0.64346603  0.90168017]
[-0.80723139 -0.36207976]
[-1.70962473  0.43490361]
[-1.47713427 -1.37787843]
[-1.6205478   1.08030412]
[-1.09537071  1.07200391]
[-1.04033698 -0.71384769]
[-1.52298512 -0.50632874]
[-1.95152201  0.09366955]
[-1.3578278   0.94632859]
[-1.33622182 -1.07387821]
[-1.41767549 -1.0485653 ]
[-1.55503016  0.85428717]
[-1.31247885 -0.31141273]
[-1.64133971  0.72238586]
[-1.50226111  0.30381614]
[-1.68083435 -0.88042959]
[-1.61247197  0.38151301]
[-0.8626093   1.31164418]
[-1.8225163  -0.77455803]
[-1.65339463 -1.23811816]
[-1.26687788  0.3432617 ]
[-1.27616543 -1.1155238 ]
[-1.66492841  1.19446045]
[-1.39276942  0.11720741]
[-1.22290042 -0.36800893]
[-1.64606926 -1.0339137 ]
[-1.69815812  0.08282992]
[-1.91371496 -0.01579596]
[-1.21999181 -0.28651668]
[-1.36372125  0.2985093 ]
[-1.68495186 -0.29423203]
[-1.79852004 -1.01949028]
[-1.0870779   0.12077769]
[-1.77461377  0.98235469]
[-1.71930929 -1.02093131]
[-1.84379847  0.19914557]
[-1.7252133  -0.86657392]
[-1.88422597  0.33210409]
[-1.80360989 -0.66962804]
[-1.86525285 -0.98194306]
[-1.67881534  0.08868346]
[-1.7824957  -0.76253508]
[-0.85971304 -0.50279237]
[-1.52008414 -0.41663334]
[-1.39378925  0.95223469]
[-1.18663567 -0.39841786]
[-1.42341809  1.45771107]
[-1.68109949 -0.84084932]
[-0.72166404 -0.31623798]
[-1.52019351  0.72483858]
[-1.81376326 -1.02014105]
[-1.28048687  2.13585499]
[-1.49660744  0.1036096 ]
[-0.58858413  0.71354988]
[-1.10111971 -2.47401107]
[-1.34630696 -0.33449324]
[-1.37260611  0.78600456]
[-1.23342283  0.13991412]
[-1.37495848 -0.18477818]
[-1.51642598 -1.480544  ]
[-1.60128836  0.19163554]
[-1.69074817  0.19104306]
[-1.23112699 -0.98541195]
[-1.34173295 -1.19680858]
[-1.55401648  0.4716751 ]
[-1.28408844 -0.94662584]
[-1.60713237 -0.27617009]
[-1.45620572  1.59259662]
[-1.12615187  0.40122422]
[-1.23494833 -0.02955311]
[-1.46332179 -0.79683665]
[-1.69130251  2.10985944]
[-1.52199293 -0.99427748]
[-1.73423568 -0.35555224]
[-1.66757031 -0.5489123 ]
[-1.17558694  3.93392532]
[-0.9952455   0.22753646]
[-1.52915199 -0.72878839]
[-1.27763621  1.09115943]
[-1.79095067 -1.31046062]
[-1.54010329 -0.04726041]
[-1.58247363 -0.97136866]
[-1.93154841  0.0996062 ]
[-1.78535708 -0.94678554]
[-1.70810263  0.24447765]
[-0.77295021  0.03722566]
[-0.71660276  1.3242168 ]
[-1.53375114  0.83801887]
[-1.42074072 -0.73463545]
[-1.49942273  0.97394147]
[-1.06171469  0.02794488]
[-1.18441104  0.55720714]
[-0.58471009 -0.10112146]
[-1.60476045  0.40118969]
[-1.72986582 -1.89570935]
[-1.75357706 -1.80073091]
[-1.54396619  0.38481903]
[-1.13028726 -0.13946718]
[-1.48903153 -0.26799702]
[-1.63600539 -0.74609739]
[-1.51464258 -0.52529794]
[-1.423513   -0.21113802]
[-1.67696642 -0.09147383]
[-1.75597262 -0.88580178]
[-1.31966063  0.32690606]
[-1.57028826 -0.75391491]
[-1.3593684 -0.7380982]
[-1.82530403 -0.10752203]
[-1.61914882 -0.29729172]
[-0.88452411  0.15597859]
[-1.40718657  3.4893509 ]
[-0.65355111  1.51339287]
[-0.82144567 -0.43466367]
[-1.54312891 -0.01048198]
[-1.78850125 -1.31110037]
[-0.73342634 -0.89433867]
[-1.32501156  0.58254819]
[-1.14607087 -1.44021608]
[-1.54962237  0.85761256]
[-1.14016952  0.32895733]
[-1.11711616 -1.00872829]
[-1.47369837 -0.09444845]
[-1.12922342 -1.47508501]
[-1.24151201  0.45296993]
[-1.21546594  1.32387555]
[-0.23347579 -0.20567971]
[-1.00841393 -1.24444801]
[-1.66942182  0.7449797 ]
[-1.25733617 -0.11049653]
[-1.33826846 -0.19091132]
[-1.69090913  1.18693505]
[-1.45092098  0.67500209]
[-1.32112014 -1.30352877]
[-1.31003343 -0.04299654]
[-1.63788775  0.85656158]
[-1.069669    2.30421155]
[-1.29639826 -0.13525939]
[-1.20005392  0.68630441]
[-1.48993122 -0.83815753]
[-1.6746011   0.67245935]
[-0.94746829  0.49216217]
[-1.52716322 -1.18151403]
[-1.07577914 -0.87612056]
[-1.9079135  -0.45011938]
[-1.36926642  0.14071411]
[-1.30613598  1.37847168]
[-1.54871693  1.52547363]
[-1.45994281  0.53590187]
[-1.53881893  0.80028774]
[-1.55283741  1.1137446 ]
[-0.69183026 -0.17294962]
[-1.87550421 -0.46700593]
[-1.51786627  0.53870218]
[-1.43321135 -0.69133694]
[-1.39783856 -0.72007926]
[-1.29535978 -1.08913671]
[-1.14554748  0.87443712]
[-1.41203902  0.07411982]
[-0.0624197   0.71928398]
[-1.41263424 -0.95875084]
[-1.41515489  0.31091768]
[-1.07462865 -0.71488219]
[-1.16665866  0.25715898]
[-1.29386566 -0.95340824]
[-0.36862436 -0.97307623]
[-1.04960313  0.39688932]
[-0.43236745 -0.05112854]
[-0.31492168 -0.56697893]
[-0.60246296  1.03238591]
[-1.03484057 -0.37028484]
[-1.57440008 -0.14987152]
[-1.00405621  0.20912238]
[-1.19090697  0.86410725]
[-1.57606994  0.20297409]
[-0.81314381 -0.66583346]
[-1.6483063  -0.82214923]
[-0.86034167 -0.4549183 ]
[-1.30341074  0.22025665]
[-1.36998274 -0.36129384]
[-1.56158484  0.47004154]
[-0.93120181  0.66894396]
[-0.99745114 -0.86064301]
[-1.64770431 -0.31914978]
[-1.20839056  0.37668668]
[-1.38080401 -0.78183746]
[-0.9059943   0.75471104]
[-1.37616284  0.13821337]
[-1.44194442  2.21845092]
[-1.62664761 -0.64645442]
[-1.86134035 -0.59554406]
[-0.79915902  0.15041874]
[-1.3309294  -0.85923318]
[-1.53303962 -0.02345048]
[-1.63787629 -0.6990134 ]
[-1.44925769  0.76338933]
[-0.93404603  1.40469684]
[-1.5299949   0.34331976]
[-1.4240621  -0.64615938]
[-1.39963586  1.29940809]
[-1.4603943   0.19630284]
[-0.96549356 -0.19315678]
[-1.79248065 -0.70331539]
[-1.64796238 -0.36313271]
[-1.80825003  0.09345685]
[-1.55979304  0.51101611]
[-1.51901312 -0.76842154]
[-1.50420313  1.20738946]
[-1.19716637  0.12030664]
[-1.52366456  0.58097125]
[-1.41999533  1.11239531]
[-1.54741533  4.09586699]
[-1.4313695   0.57758853]
[-1.61219047  0.41880136]
[-1.45777256  0.55489208]
[-0.8666911  -0.98350521]
[-1.39911056 -1.17438963]
[-0.69546004 -0.736242  ]
[-0.80717762 -1.17652286]
[-1.19237034 -0.54961812]
[-1.86431386 -0.39861825]
[-0.86028651  1.1937778 ]
[-0.90050036  0.88708462]
[-1.01092695  1.0233843 ]
[-0.7552104  -0.87224877]
[-0.63860581  1.1917259 ]
[-1.13411292  0.22856091]
[-1.25204973  2.52334322]
[-1.31753033 -0.43247357]
[-1.625138  -0.6520402]
[-1.37011406 -0.76633198]
[-1.37154326 -0.54499154]
[-1.47082741 -1.2496421 ]
[-1.56970415  0.30791906]
[-1.4904701  -0.44938349]
[-1.68411889  0.71660629]
[-1.45101788 -0.2966691 ]
[-1.13513366 -0.15302703]
[-1.25258796 -1.25645946]
[-0.70193271 -0.74869978]
[-1.53019546 -0.06618337]
[-1.14576099 -0.78978341]
[-1.05073261  0.79487841]
[-1.65637062  1.41934828]
[-1.17365238 -0.38714243]
[-0.79500887 -1.01825066]
[-1.46921795  3.53145498]
[-1.63277745 -1.08724676]
[-1.83780765 -0.41710004]
[-1.33699942 -0.96551995]
[-1.41757192  1.79514254]
[-1.79463812 -0.3917055 ]
[-1.16187776 -1.42590842]
[-1.18148311  3.45286012]
[-0.96552797  0.10364265]
[-1.5878567  -0.47894855]
[-1.50998576 -0.72196347]
[-1.1241581   0.58769297]
[-1.31699438  1.30677618]
[-1.25227593  0.62645037]
[-1.16276404 -0.83410698]
[-1.72158917 -2.18803137]
[-1.57657556 -0.90968935]
[-1.43732075  0.12585922]
[-0.96088363 -1.02223734]
[-1.17920004  0.72331728]
[-1.8045741  -0.44929215]
[-1.68796203 -0.09342227]
[-1.84577747 -1.35744409]
[-1.40086041  0.10346239]
[-1.45509162  0.50964455]
[-1.45263217  0.12683153]
[-1.80589668 -0.35664857]
[-0.40687271  1.47821452]
[-1.80503468 -0.62800561]
[-0.89634477 -0.44923788]
[-0.33565103  0.66131179]
[-1.5516062   0.77494862]
[-1.39238937 -0.7626765 ]
[-1.15005299 -0.54059086]
[-1.28818987 -0.25853962]
[-0.56374113  0.4382913 ]
[-0.89667057  0.14665907]
[-1.54925083 -0.81040308]
[-1.60349759 -0.23545899]
[-1.75529955 -0.03678032]
[-1.43793656 -0.08063052]
[-1.71683242  0.52919427]
[-1.30672537  0.78203166]
[-1.05841413 -1.05614607]
[-1.69958743 -0.99074318]
[-1.79900938  0.830424  ]
[-0.96482845  0.33629276]
[-1.6047671   0.84824906]
[-1.44230847 -1.2391241 ]
[-1.39418192 -0.57342768]
[-1.08982344 -0.48047331]
[-1.52000097 -1.10966251]
[-1.47672942 -0.69592817]
[-1.36313282  1.4084862 ]
[-1.37744469  0.12662405]
[-0.90545583 -1.2232533 ]
[-1.62656132 -1.88743421]
[-1.02638592  2.26365164]
[-1.11421705  1.07102788]
[-1.43237122  0.38490844]
[-1.73238544 -0.83062076]
[-1.64766903 -1.35238482]
[-1.16404548  0.97770253]
[-1.00115052  0.28954686]
[-1.43678344  0.54941005]
[-1.60015812 -0.56709758]
[-1.53869267 -0.5965519 ]
[-1.88874191 -0.7967339 ]
[-1.115441    0.49591868]
[-1.54094789  0.80279243]
[-1.43539903  0.45365231]
[-1.3826193   1.68233223]
[-1.82283952 -0.5120235 ]
[-1.39391793 -1.43431869]
[ 1.17725424 -0.22977268]
[0.35464881 3.03301181]
[ 1.99103367 -1.33936782]
[ 2.02382108 -0.80668606]
[ 1.79487694 -0.41702835]
[0.54362887 0.56247148]
[ 0.52613895 -0.42832139]
[ 1.77750449 -1.17119009]
[ 1.69033718 -0.5276851 ]
[ 1.44156314 -0.29577422]
[ 0.72613509 -0.99415861]
[ 1.83534916 -0.9084769 ]
[1.64990508 2.2631008 ]
[ 1.72442213 -0.99112537]
[1.49512352 1.2081733 ]
[ 1.91056042 -0.73906558]
[ 1.06489403 -0.42227268]
[ 1.47724107 -0.31793055]
[0.66588021 0.79103369]
[0.90158706 0.3528345 ]
[ 1.89301174 -1.08013515]
[1.55597941 0.08301551]
[ 0.20352158 -0.44073993]
[ 0.55565007 -0.55358293]
[1.49360398 2.07275663]
[1.94606615 0.37502467]
[1.65805943 1.60910354]
[1.39351987 1.18842196]
[ 1.40426805 -1.17856382]
[2.06289328 0.38706809]
[ 0.90889431 -0.57579623]
[ 1.24891735 -0.29998407]
[1.69146227 2.52765896]
[1.10961943 2.89836221]
[1.16874846 1.08624713]
[ 0.81346821 -0.79127946]
[ 1.70750142 -0.43614851]
[ 1.23362196 -1.03304672]
[ 1.60829451 -0.02952229]
[1.86496985 1.34463185]
[0.55754396 0.71396763]
[1.90819612 0.25721625]
[ 1.59956124 -0.52580044]
[1.72422086 0.25809421]
[ 1.13926746 -0.88145598]
[1.49541072 0.66555218]
[ 0.98201348 -0.79633692]
[1.88711984 1.72717889]
[1.88701725 0.88211514]
[ 1.77752401 -1.88249822]
[ 0.68371658 -1.06211708]
[ 1.18652561 -0.87508561]
[1.96326404 0.33285455]
[ 0.57685764 -0.4653232 ]
[1.58602037 0.5435308 ]
[ 1.71915771e+00 -1.20809892e-03]
[2.00307368 1.02787864]
[ 1.63918005 -1.21460616]
[ 1.17656986 -0.3646095 ]
[ 1.48382072 -0.9537856 ]
[1.67928736 0.48165778]
[ 1.46828149 -0.60843297]
[ 1.58534932 -0.82456856]
[ 0.83637598 -0.81764666]
[ 1.63737843 -0.48617293]
[ 1.40124497 -1.17363736]
[ 1.16830116 -0.42059006]
[ 1.24398062 -0.21011211]
[ 1.57561773 -0.40559111]
[ 0.83384875 -0.80554802]
[0.86590748 0.48517078]
[ 1.48962177 -0.55614036]
[1.28454904 0.71750647]
[2.07195547 0.07976225]
[ 0.47989474 -0.82910095]
[ 1.05701972 -0.31989923]
[1.08642373 0.26856985]
[1.48834501 3.33207158]
[0.75493211 1.82248232]
[ 1.76854799 -1.13386007]
[ 1.3879073  -0.24420439]
[ 1.46412719 -0.83751846]
[ 1.5756274  -0.28028193]
[ 1.05004757 -1.70329778]
[0.77987037 0.96131654]
[-0.00837227  0.01678743]
[1.32952798 5.9457272 ]
[ 1.99827363 -0.5621585 ]
[2.00898629 0.45693571]
[0.83127924 0.47459713]
[ 1.78045849 -0.64510771]
[ 0.919309   -0.09640566]
[ 1.65967169 -0.48886104]
[ 0.89261183 -1.05011127]
[ 1.43195095 -0.27342702]
[1.55784587 0.27964801]
[1.64425517 2.09380684]
[1.67210569 0.50389655]
[ 1.40013348 -1.05460019]
[ 1.13638164 -1.65860314]
[1.30146676 0.01795931]
[0.33797432 0.30788856]
[1.9527563  0.37535039]
[1.18466096 0.42166109]
[0.76638323 0.74145432]
[ 0.89721641 -0.31364229]
[ 1.88536003 -0.14397232]
[ 1.28628304 -0.10840327]
[1.99823876 2.78943383]
[ 1.44812362 -1.32370615]
[ 0.47239041 -0.57383896]
[ 1.41257789 -0.07833421]
[ 1.10677831 -0.64409287]
[1.68079018 0.0285095 ]
[ 1.97642767 -0.54608993]
[ 1.2693951  -0.88827734]
[ 0.54837778 -0.76596625]
[1.65525531 0.18134963]
[ 1.89202389 -0.59389721]
[0.3105704  0.13351151]
[1.90055739 0.19261054]
[1.50208508 0.51431992]
[ 0.98879896 -1.06615269]
[ 1.56342698 -1.35722435]
[ 2.03076461 -0.96613246]
[1.81480358 2.62652501]
[0.57449847 0.3180774 ]
[ 1.24228102 -1.20247413]
[ 1.35749402 -1.30326215]
[ 1.64391875 -0.44704919]
[ 1.32209754 -1.10822523]
[ 1.68332914 -1.51853686]
[1.64336153 0.92601543]
[ 1.18340368 -1.49363747]
[ 1.45127866 -1.15086041]
[ 1.50315559 -0.69976407]
[1.2701642  0.03650526]
[0.53673585 1.04749474]
[ 0.75847286 -0.02392499]
[ 1.40365583 -1.0829478 ]
[0.954907   0.37606906]
[ 1.09417287 -0.89914011]
[ 1.56522696 -1.04525203]
[ 1.40810579 -1.40861728]
[ 1.51634732 -1.0782228 ]
[ 0.95843703 -1.15087764]
[ 1.45010386 -0.81047612]
[ 0.98533788 -1.49772119]
[0.72572207 0.54378919]
[ 1.19644442 -0.42860148]
[ 1.77404244 -1.97702273]
[0.68165337 1.62014784]
[ 1.86532052 -0.07171204]
[ 1.35416402 -0.56796822]
[1.73556156 0.10066983]
[1.81063707 0.0523718 ]
[0.40086122 0.00749435]
[1.47663091 0.18405153]
[ 1.60149969 -0.50712714]
[1.64999999 0.28098314]
[0.46506116 0.64503844]
[ 1.71122268 -0.22019999]
[ 1.68150929 -0.16373135]
[ 1.33409602 -1.56073018]
[ 1.61024371 -0.90237495]
[ 0.58288916 -0.09925971]
[ 1.66462279 -0.6687712 ]
[ 1.00718088 -0.56209836]
[1.83253203 0.15559887]
[1.60336715 1.45030777]
[ 1.44595404 -0.98156613]
[ 1.88343058 -0.61954142]
[ 1.69556902 -1.0246604 ]
[ 1.63615206 -0.30363653]
[1.55797492 1.67884779]
[ 1.70522131 -1.30722633]
[ 1.68041943 -0.57933163]
[ 1.81172297 -0.81725773]
[1.48106225 0.68613694]
[1.73766592 3.75748515]
[ 0.81186204 -0.46553256]
[1.91231554 0.01205293]
[0.75251062 0.24546727]
[ 1.48127214 -0.44635479]
[ 0.85779778 -0.5921341 ]
[ 1.33944826 -1.33734186]
[1.88036858 0.3472855 ]
[ 1.29905528 -0.59684172]
[ 1.6494075  -0.66753162]
[2.06969851 0.05122885]
[1.63890389 0.42651799]
[ 1.57573938 -0.48149833]
[1.30201878 0.82931246]
[ 1.17704861 -0.93305234]
[1.10207556 0.15201202]
[ 1.11153276 -1.49217401]
[0.50252326 2.25119427]
[0.46315501 0.94748411]
[1.25203904 0.89928925]
[1.68378844 0.26293673]
[ 1.09974606 -0.64851486]
[1.00192507 0.10383323]
[ 1.24102229 -1.47185316]
[ 1.56788617 -0.9759484 ]
[ 1.77148218 -0.95246266]
[ 1.65714906 -0.62772776]
[ 0.54938547 -0.4770615 ]
[ 0.5887895  -0.80915786]
[0.95359939 0.91200533]
[1.5779498  0.41427319]
[1.96519557 0.9929928 ]
[ 0.50374339 -1.57427987]
[1.48529349 3.90957761]
[ 1.39857034 -0.62018154]
[ 1.38049322 -0.54461609]
[0.92160394 0.02523284]
[ 1.91961162 -0.62107636]
[ 1.07300912 -0.14969152]
[ 1.27153421 -1.53569138]
[1.89540806 0.10452242]
[ 0.6205663  -0.19821037]
[ 2.02142323 -1.43281244]
[1.28699493 1.46629407]
[0.94326713 1.14008297]
[0.99064266 0.10896353]
[ 0.91947481 -0.86398851]
[ 1.88108169 -0.57998386]
[1.27112566 3.01476027]
[1.62503427 0.98096196]
[ 1.37623174 -0.83138381]
[ 1.85018812 -1.51551332]
[ 0.74082872 -0.36298972]
[ 1.66030247 -0.28406209]
[1.63302575 0.70917561]
[1.8834598  2.44059955]
[ 0.41243332 -0.45912801]
[ 1.56811132 -0.43913477]
[ 0.44766484 -0.53306646]
[0.58927887 0.30982673]
[ 0.94511567 -1.25159153]
[ 1.18759438 -0.3546128 ]
[ 1.01964168 -0.17150576]
[ 1.67638109 -0.18803116]
[1.01071156 0.30021888]
[1.57096657 0.4787884 ]
[0.45678949 0.17142953]
[1.14089304 0.37499458]
[ 1.67372177 -0.09922938]
[2.05014661 2.7713639 ]
[ 1.39435537 -0.3800437 ]
[ 0.94438598 -1.30061677]
[ 0.79058957 -1.75562522]
[1.69169812 0.53455031]
[ 1.39095645 -1.16465695]
[0.8879001 0.535138 ]
[ 1.58982181 -0.73316351]
[ 1.33066533 -0.25806621]
[ 0.37328265 -0.43400728]
[ 1.28528888 -0.0779724 ]
[ 1.74622194 -2.00959749]
[1.36527699 1.17753747]
[ 1.4141228  -0.43564751]
[ 1.5873085 -1.0993258]
[1.79466968 0.50454316]
[ 0.95082281 -1.41113638]
[ 1.89397378 -0.57534563]
[1.23598184 0.40660938]
[ 1.39857702 -1.52982568]
[0.95163783 2.12039694]
[0.97063566 0.23452786]
[0.26011931 2.2894282 ]
[1.68051076 1.96549788]
[ 1.35962891 -0.09230675]
[ 1.40705435 -0.67413141]
[1.79795444 0.31146713]
[ 1.85178538 -0.70231449]
[ 1.93486726 -1.2728286 ]
[1.08292018 1.13537497]
[ 1.08843203 -0.43419122]
[ 1.39671705 -1.70790578]
[ 1.48100891 -0.19592985]
[1.37570569 1.03330013]
[1.2213948  0.94952363]
[ 1.05252713 -0.76192628]
[1.56991151 1.97498782]
[1.01000629 0.79557627]
[ 1.63957178 -0.69042922]
[1.30626869 0.06845575]
[1.7426082  1.85609219]
[1.24448285 0.42532489]
[0.40915783 0.23248167]
[0.34247698 0.24830432]
[ 2.01276424 -0.19225869]
[ 1.1633418  -0.46454735]
[1.47505707 0.36525568]
[ 0.73187438 -1.0869685 ]
[1.64909384 0.23434788]
[ 1.38956871 -0.18205168]
[1.24974563 3.21648201]
[1.65988241 1.07245523]
[ 1.46781097 -1.37788597]
[2.23777339 4.27093662]
[1.11861395 0.73999562]
[ 0.53362943 -1.27711509]
[0.70214143 0.66322018]
[0.9184048 1.0885881]
[2.02702048 0.90312914]
[ 1.72777175 -0.05115376]
[ 1.28052982 -1.40675351]
[1.64624396 0.30086587]
[0.38067393 1.03863585]
[0.37662103 0.6743543 ]
[1.47637377 0.02606503]
[ 1.46200558 -0.57879971]
[1.51122814 0.2927982 ]
[1.32218179 0.98176832]
[1.9354669  0.69669913]
[ 1.67027365 -1.46101558]
[ 1.65117334 -1.27538154]
[ 0.99153352 -1.11220439]
[ 1.56076614 -0.18226809]
[ 1.45954035 -0.44383677]
[1.34298258 2.36978644]
[1.89307688 0.54293118]
[0.87590862 2.1761356 ]
[1.46861573 2.10736778]
[ 1.68689082 -0.42034572]
[ 1.59363051 -1.1551183 ]
[0.31413562 1.5083681 ]
[ 1.50311156 -1.10349876]
[0.56274001 0.7622382 ]
[ 1.89836969 -0.44660587]
[ 1.79881623 -1.21670164]
[ 1.55211484 -1.17280605]
[1.99485834 0.1088647 ]
[0.80224512 2.70704303]
[1.74357891 1.91548605]
[0.48401456 0.17754975]
[ 1.09113146 -0.35577989]
[1.90950512 0.46865729]
[ 2.00135886 -0.26994791]
[1.92689388 0.66055073]
[ 2.03009519 -1.1233449 ]
[ 1.49486839 -0.03733716]
[ 1.7768897  -1.40658487]
[ 1.75989398 -1.5513532 ]
[ 1.89854042 -1.11912042]
[ 1.5743458  -0.67628999]
[ 1.03917062 -0.08356136]
[ 0.97410954 -1.78924804]
[ 1.9208648  -0.28630515]
[ 2.04474386 -0.66074424]
[ 0.91259849 -0.07787095]
[ 1.73125276 -0.57961761]
[0.63221489 0.29077679]
[1.58835252 0.4369833 ]
[1.69998745 3.52724371]
[1.39269968 0.11487331]
[1.15447129 0.34446303]
[ 0.98486764 -0.38155385]
[1.22964456 0.55368389]
[2.05159315 0.82767434]
[ 1.76041466 -0.56213479]
[1.74987783 4.2943521 ]
[ 1.11524392 -0.61743948]
[ 1.75349277 -0.7194505 ]
[ 1.54264401 -0.22552815]
[ 0.84885788 -0.74583124]
[1.38539082 0.42178141]
[0.44847317 3.51828475]
[2.03370136 0.47998508]
[ 1.86395578 -0.96150321]
[ 1.33379664 -1.84825993]
[ 0.66233605 -0.58847969]
[ 0.26268797 -0.91421364]
[ 1.84362512 -0.2372916 ]
[ 0.99104564 -1.07292007]
[1.97782979 0.14878492]
[1.72590735 2.41400702]
[ 1.62087383 -0.87776624]
[ 2.08419153 -0.37422286]
[1.80658012 0.10730423]
[ 1.32620428 -0.4394034 ]
[ 0.38989334 -1.13117057]
[ 1.19163134 -0.57953555]
[1.89987967 0.23400102]
[ 1.95783542 -1.18002728]
[ 1.93357321 -0.54146251]
[ 1.70388764 -0.82709218]
[0.99590394 0.94802871]
[1.02078359 2.31856494]
[ 1.46574089 -0.19614061]
[ 1.20675311 -0.46104588]
[ 1.60271485 -0.74753663]
[1.0629401  1.26796826]
[ 0.88886483 -0.46795618]
[1.61765491 1.07700039]
[ 1.66520728 -0.80469666]
[ 1.24671623 -0.58864701]
[ 0.91496985 -0.95996487]
[ 1.57419239 -0.6456437 ]
[ 1.26377937 -1.80063483]
[0.65567945 0.33966122]
[ 1.22496194 -0.39088612]
[ 1.83034378 -1.32175792]
[ 1.01208643 -0.40868815]
[2.02994777 0.71897611]
[1.77533009 0.2807798 ]
[ 1.39750664 -0.36032314]
[ 1.74194353 -1.01760928]
[2.07831219 1.12495347]
[ 1.12258415 -0.05334695]
[ 1.90475341 -0.49508815]
[ 1.53957174 -0.08367146]
[1.35043526 0.01528884]
[0.73959422 1.11470003]
[ 0.91850756 -0.16605027]
[2.03278127 1.58304715]
[ 0.6681533  -0.28149967]
[ 0.47430917 -0.96681968]
[1.52668173 1.55116826]
[1.73468618 0.25211842]
[ 1.07104534 -0.48301446]
[ 0.8680024  -0.09503148]
[ 0.99336408 -1.11053336]
[ 1.79386376 -0.52209347]
[ 0.75763479 -0.84903187]
[1.07145177 1.33452427]
[1.29054249 0.73559515]
[ 0.75306556 -0.73682362]
[1.71320256 4.12019354]
[ 1.21770011 -0.40135411]
[ 0.62216291 -0.17544888]
[ 1.4071614  -0.12976733]
[ 0.93976562 -1.01170657]
[ 1.01537922 -0.76629174]
[ 1.15478124 -0.18250346]
[ 1.87448174 -0.28534824]
[0.84204894 0.04078745]
[ 0.58684888 -0.03566302]
[0.69297495 0.44725472]
[ 2.12696987 -0.48482528]
[1.22357701 4.974507  ]
[2.10603064 0.06323814]
[ 1.42254187 -0.32741339]
[ 2.0397386 -0.7372979]
[ 1.64808854 -1.61582576]
[2.15019141 0.65928807]
[ 1.28973097 -0.04097343]
[1.99245949 0.34247017]
[ 1.82589918 -1.8854199 ]
[ 1.64421581 -1.8373907 ]
[0.69097304 0.65372043]
[ 1.54814905 -1.01663388]
[ 1.70815032 -2.23414502]
[0.92834113 1.30647441]
[ 1.6334706  -1.13875179]
[ 1.57102274 -0.90994935]
[ 1.70560419 -1.47643007]
[ 1.75312152 -0.51974635]
[2.06816754 2.30628734]
[ 1.49635914 -0.69555321]
[ 1.21141015 -0.82931605]
[1.43468041 0.91326241]
[0.72521027 0.93745167]
[ 1.97827855 -0.19626724]
[ 1.70916265 -0.6494434 ]
[0.74836298 0.43587492]
[ 1.35808509 -0.00985478]
[ 0.42699963 -0.86732188]
[ 1.06961928 -0.06833201]
[ 1.55603774 -0.20210235]
[1.78536512 0.33772975]
[ 1.11358391 -0.66600079]
[ 1.95253767 -0.11850203]
[ 0.56477845 -0.00235309]
[0.81334031 0.64538793]
[2.21300765 0.14610348]
[1.58072521 0.50173134]
[ 0.30229354 -1.18696651]
[1.11046521 1.79586918]
[1.62750467 1.64172687]
[ 1.68027628 -0.38801097]
[1.28965625 1.54642011]
[ 1.31731137 -0.09834196]
[ 1.06876764 -0.5285799 ]
[1.16237828 1.7985762 ]
[ 1.87943984 -0.97429799]
[ 1.81825886 -0.6706868 ]
[ 1.37477304 -1.36229939]
[0.79199528 0.75901793]
[ 1.185164   -0.32373047]
[1.67867242 0.2203836 ]
[ 1.5888176  -1.30070521]
[0.33035388 0.7425698 ]
[ 1.12040043 -0.30332381]
[1.05573305 1.54649967]
[1.74563064 0.01714469]
[ 1.44126739 -0.81359134]
[ 0.92332433 -1.69254857]
[ 0.2665155  -0.92312068]
[ 0.77515495 -0.37640935]
[ 0.75834837 -0.30008267]
[ 0.79009786 -0.89489706]
[ 1.54256439 -0.64331778]
[ 0.72916985 -1.49658795]
[ 1.67932678 -0.7284584 ]
[ 0.67091009 -1.19585855]
[1.53726634 0.2415909 ]
[1.20491991 0.02342776]
[1.89886534 1.3574889 ]
[ 1.70926722 -0.31513972]
[2.29751797 2.07569495]
[0.85756232 0.70568891]
[0.5977834  0.41602821]
[ 0.73401311 -1.80164928]
[ 0.96699432 -0.33455234]
[ 1.86055962 -1.37712376]
[ 1.6127318  -1.20373053]
[ 0.8216925  -1.18080216]
[1.6974765  0.18847661]
[ 1.23907154 -0.81428015]
[1.16616628 0.36788559]
[1.31014616 0.42401013]
[ 0.50068204 -0.47047044]
[ 1.58692181 -0.25055156]
[1.40161145 2.67465441]
[1.23126957 0.76072371]
[ 1.62222459 -0.59765387]
[ 1.12951198 -1.35139224]
[ 1.39601487 -0.54259819]
[ 0.97354488 -0.75546875]
[ 1.56178289 -0.1321459 ]
[1.65473306 0.81221379]
[ 1.10696947 -0.82138991]
[ 0.51472351 -0.24657015]
[2.14817828 3.48661306]
[ 1.37281601 -0.24438255]
[1.84610742 0.36183435]
[ 0.8947656  -1.58918537]
[ 1.5553387  -1.28304074]
[ 1.43170351 -0.64126338]
[1.20688379 0.34126128]
[ 1.40958795 -0.09162928]
[ 1.55179021 -1.46628934]
[2.00288192 0.25201065]
[ 1.00557321 -0.57900277]
[1.48050166 1.00729498]
[ 1.83595035 -0.74702297]
[ 1.87144419 -0.81817439]
[1.25572217 0.14546853]
[ 0.57632078 -0.04540254]
[ 1.13010598 -1.29356734]
[2.07731204 0.37315892]
[1.82604938 1.18368962]
[ 1.93259909 -1.05203773]
[1.39642252 0.69714328]
[ 1.79816014 -1.76656384]
[1.90627619 1.04868881]
[ 0.86502364 -0.35455991]
[ 1.27245851 -0.22823699]
[ 1.64241314 -0.60311798]
[0.33149164 0.98460532]
[ 1.57821782 -0.50526208]
[1.57173607 0.47126035]
[0.22302307 0.105873  ]
[ 1.42806356 -0.68573881]
[ 1.80149988 -0.52180827]
[ 0.93126662 -0.60926474]
[ 0.45337839 -0.13976054]
[1.76247814 0.13912074]
[ 1.8048597  -0.44534561]
[ 1.77097743 -1.36441985]
[1.73796119 1.15995621]
[ 1.3480264 -0.8953899]
[ 1.48619315 -1.31411945]
[ 2.07939137 -0.00839102]
[1.64037735 1.27241345]
[1.50354137 0.12738353]
[ 1.59499262 -0.1120293 ]
[ 1.52415556 -0.2099104 ]
[ 0.98685108 -0.03155664]
[ 1.34072902 -0.2278872 ]
[ 1.00121265 -0.99316399]
[2.09057327 0.46321373]
[1.84901638 1.47799526]
[1.14828441 0.93966955]
[ 0.59919591 -1.11379365]
[ 1.95525195 -0.00510427]
[1.71066716 0.09123265]
[0.56089841 0.1591379 ]
[1.91077984 0.08385806]
[ 1.65444854 -0.77272182]
[ 0.79392861 -0.86512047]
[ 0.77070025 -0.388574  ]
[0.60259914 0.33237804]
[ 0.65666807 -1.35464601]
[ 1.03276179 -0.04387664]
[0.86537299 1.98529654]
[1.08189406 0.64056728]
[1.91019145 2.93462203]
[ 1.91073751 -1.26729871]
[ 1.83585631 -0.6133718 ]
[1.7797287  0.43125858]
[ 1.46173458 -1.63597308]
[ 1.75534005 -0.71016676]
[ 1.3697345  -0.26950516]
[1.43350431 0.83191654]
[ 1.1885397  -1.14034604]
[-0.15043253 -1.62890983]
[ 1.68085832 -0.36413871]
[0.90839048 0.98692851]
[1.3235625  0.43575954]
[ 1.47867629 -0.04665034]
[ 2.01024671 -0.08106925]
[ 1.56815253 -0.49746574]
[0.88272963 0.93033171]
[0.38447994 0.90864448]
[1.3356824  0.03684852]
[ 1.14533021 -0.07384902]
[1.22730428 0.27074064]
[ 0.5662489  -0.38997617]
[ 0.51904525 -0.49359739]
[0.37547093 0.0867213 ]
[0.71619105 0.33087171]
[ 1.96521055 -0.22187633]
[1.20422864 2.76565466]
[ 1.31530368 -0.26586149]
[0.88614301 0.2695202 ]
[1.6091187  0.19691962]
[ 0.81846312 -0.77846183]
[1.99225587 0.37965351]
[2.12660352 0.07168604]
[1.63338953 2.28106073]
[ 1.27453583 -0.46371953]
[1.9212154  0.38403599]
[ 0.67440689 -0.56656457]
[1.53024275 0.7194678 ]
[ 0.85845327 -0.47616187]
[ 1.49558395 -0.06091283]
[1.70326126 1.25692367]
[0.16506222 0.52493956]
[1.29831861 0.16948119]
[ 0.72121773 -0.72741786]
[ 1.53410689 -0.34416716]
[1.59751458 1.10967854]
[1.61520113 2.95833351]
[1.82215234 0.59970248]
[ 0.96456947 -1.2380966 ]
[1.17271496 0.35995187]
[2.17439162 0.62812413]
[1.47887785 0.51283175]
[1.3244135  0.55493073]
[0.98338108 0.25596783]
[ 1.83718949 -0.06072772]
[1.38491134 0.5831106 ]
[ 1.17679725 -0.76862647]
[ 1.44952498 -0.26566372]
[ 1.82064199 -0.30864074]
[ 2.02219267 -0.6408385 ]
[1.84501692 1.08942054]
[ 0.7668049 -1.3072365]
[ 1.38450605 -0.2644563 ]
[ 1.54754478 -0.27478599]
[1.86736001 0.34210141]
[0.90854047 0.16852772]
[ 1.69219793 -1.37639867]
[2.14231897 2.78684001]
[ 1.23308548 -1.27268576]
[ 1.00014128 -0.69521499]
[1.3003208 1.2572498]
[ 0.99270163 -1.05584941]
[ 1.63644847 -0.14629514]
[0.86026164 0.1948565 ]
[1.54582872 1.22137931]
[ 1.75330608 -0.86566423]
[ 1.43438339 -0.33691235]
[ 1.28571702 -0.65792989]
[ 0.56313147 -0.08764415]
[ 0.69100445 -0.88185196]
[1.58703785 3.01033712]
[1.51193396 3.38975635]
[1.92519187 1.80349371]
[ 1.49015941 -0.63278104]
[1.35319232 0.00966702]
[1.22785393 0.72558944]
[1.46078778 0.70637598]
[1.64147072 0.10082529]
[ 1.46245177 -1.04326799]
[ 1.81349441 -0.74625698]
[ 1.38244462 -1.6543674 ]
[ 1.55291966 -0.54858528]
[ 1.1177679  -0.93028482]
[ 1.04991885 -0.98844109]
[ 0.90279727 -0.13248822]
[ 1.026217   -1.14304005]
[ 1.69702294 -0.5304306 ]
[ 1.47667675 -0.39445345]
[0.85596952 2.50050083]
[1.47120337 0.06344378]
[1.88339034 0.17906294]
[1.57438491 2.29300587]
[ 1.78513356 -0.57600139]
[1.3862242  0.47444658]
[ 1.63654753 -0.95324561]
[1.82439031 0.63544755]
[ 1.28114016 -1.64144165]
[ 1.35087595 -0.5994344 ]
[1.4956604  0.86388495]
[ 1.60459889 -0.64714178]
[0.27283486 0.05348616]
[ 1.53567009 -1.90128247]
[1.38114797 3.04821856]
[0.57403044 0.19751717]
[ 1.11451136 -1.15118216]
[1.12786511 2.48027841]
[1.67393126 0.70776812]
[ 1.33324711 -0.43014719]
[1.4179499  0.83426828]
[ 1.70440868 -0.79911927]
[ 1.17824642 -1.43422061]
[1.59847617 0.83498539]
[1.7916527  0.40996571]
[1.04647875 0.48326942]
[ 1.31528759 -0.93373866]
[1.52402524 0.38950416]
[ 0.67140582 -0.40836415]
[2.05730596 2.28461107]
[1.90822571 2.77407721]
[1.62366854 1.50796214]
[ 1.84490458 -0.62783835]
[ 1.59905648 -0.28587409]
[ 1.29738801 -0.54043455]
[ 1.81509563 -0.70650633]
[1.80978335 0.26509516]
[ 0.61809534 -0.9786324 ]
[ 0.88945073 -0.07470399]
[ 1.73146816 -0.32589935]
[ 1.89797853 -1.29687193]
[0.66028977 1.04273191]
[ 0.03355346 -0.12835999]
[1.39294114 2.21112339]
[ 1.73449835 -0.14846978]
[1.61918248 0.81661861]
[2.05376614 0.67543343]
[ 1.55084424 -0.03562572]
[ 1.29063075 -0.3690676 ]
[1.23024838 0.28051624]
[1.4346463  0.93055805]
[1.87509443 0.58232388]
[ 1.17269881 -0.85428858]
[0.45711954 2.73587891]
[ 0.93191124 -0.23123743]
[ 1.90554635 -0.80156676]
[ 0.97388226 -0.33476506]
[0.85510009 1.39051819]
[ 1.65376998 -1.15622433]
[ 1.30248588 -1.01118433]
[ 1.72002874 -0.68333981]
[ 1.18902163 -0.32717009]
[1.35686285 0.28388073]
[ 1.04576308 -0.26174708]
[1.77137552 1.82509889]
[1.64684175 0.69707927]
[ 1.05501662 -0.75742805]
[ 0.82856531 -1.96733016]
[1.52509953 0.93352613]
[1.54716176 0.57914845]
[ 1.71052551 -0.76872618]
[1.26311462 0.8448371 ]
[ 1.34643427 -1.01502682]
[ 0.69246468 -1.40239395]
[2.04007505 0.27132952]
[ 1.44440591 -0.66187001]
[ 1.60186438 -0.65780051]
[ 1.44200483 -0.48185052]
[ 1.40249332 -0.25094486]
[ 1.1870205  -0.74704857]
[ 1.71069123 -0.32850406]
[ 1.19042988 -0.98024675]
[0.74485045 0.29708539]
[1.24651538 0.40824284]
[ 0.8038583  -0.07096382]
[ 1.7054007  -0.53109933]
[ 1.76099777 -0.93319474]
[2.1860958  0.89815812]
[1.20383481 0.24531949]
[2.00442293 3.34341891]
[ 1.16670397 -0.36920549]
[ 1.08874965 -0.0324575 ]
[ 0.93970469 -0.02850023]
[ 0.96465942 -0.5404715 ]
[2.09157076 2.02102216]
[ 1.66473889 -0.85042867]
[1.62740353 0.04693705]
[ 0.86872061 -0.38580173]
[ 0.50157816 -1.70634511]
[1.89261453 0.32495295]
[ 1.44152116 -1.04437454]
[ 0.80485967 -0.64124567]
[ 1.79816363 -1.09047019]
[ 0.71616641 -0.26103883]
[0.71580605 2.16818652]
[ 1.75117446 -0.75927859]
[ 1.17862585 -0.05946358]
[ 1.41582201 -0.04399645]
[ 1.73352182 -1.04995192]
[2.18691521 1.73947668]
[1.55022041 0.17566659]
[ 1.86378673 -0.65509231]
[ 0.86297009 -1.4139599 ]
[ 1.22830037 -0.04011439]
[ 1.15791282 -1.28026355]
[ 1.35144185 -1.8635407 ]
[1.26711177 0.33080902]
[ 1.34250098 -1.02942633]
[ 1.24098675 -1.06084159]
[ 1.82277509 -0.71141755]
[ 1.23388273 -0.68014979]
[ 1.38821029 -0.03578479]
[1.43081236 0.98447369]
[ 1.27496661 -1.00575568]
[ 1.38142605 -1.02601034]
[ 0.96128394 -0.49791059]
[2.05001275 0.98110019]
[ 1.50407087 -0.14282912]
[ 1.87512452 -1.54804451]
[ 1.05835033 -0.88604654]
[ 1.77494549 -0.48738882]
[ 1.66979618 -1.59805717]
[1.38082792 0.06284981]
[ 0.900835   -1.43599053]
[2.14904466 2.54172171]
[ 1.73434888 -0.86197702]
[ 0.65974346 -0.56638524]
[ 0.40445984 -0.529348  ]
[ 1.8879662  -0.72431615]
[1.8013573  1.00149087]
[0.74694499 0.67825011]
[ 1.04372947 -0.81132448]
[1.89967036 0.55637918]
